      (1, 2)           6
      (1, 3)     4.33333
      (2, 4)     3.33333
      (3, 4)           9
      (3, 5)          10
      (3, 6)     12.1667
      (4, 7)     8.83333
      (5, 7)           2
      (6, 8)     3.33333
      (7, 9)          15
     (7, 10)        17.5
      (8, 9)     8.83333
     (8, 11)     10.8333
     (9, 10)           2
    (10, 14)          25
    (11, 12)     10.8333
    (11, 13)     11.6667
    (12, 13)           2
    (12, 14)          10
    (13, 14)        11.5
minimum duration: 64.66666666666666
critical activities: [(1, 3), (3, 4), (4, 7), (7, 10), (10, 14)]
simulation
mean duration: 66.76407339353001
probability of being critical:
      (1, 2)      0.0262
      (1, 3)      0.9738
      (2, 4)      0.0262
      (3, 4)      0.8653
      (3, 5)       0.008
      (3, 6)      0.1005
      (4, 7)      0.8915
      (5, 7)       0.008
      (6, 8)      0.1005
      (7, 9)      0.3987
     (7, 10)      0.5008
      (8, 9)      0.0009
     (8, 11)      0.0996
     (9, 10)      0.3996
    (10, 14)      0.9004
    (11, 12)      0.0643
    (11, 13)      0.0353
    (12, 13)      0.0625
    (12, 14)      0.0018
    (13, 14)      0.0978
Probabilidade de conclusão em 35 dias ou menos: 3.0744372016000554e-06
      (1, 2)           6
      (1, 3)     4.33333
      (2, 4)     3.33333
      (3, 4)           9
      (3, 5)          10
      (3, 6)     12.1667
      (4, 7)     8.83333
      (5, 7)           2
      (6, 8)     3.33333
      (7, 9)          15
     (7, 10)        17.5
      (8, 9)     8.83333
     (8, 11)     10.8333
     (9, 10)           2
    (10, 14)          25
    (11, 12)     10.8333
    (11, 13)     11.6667
    (12, 13)           2
    (12, 14)          10
    (13, 14)        11.5
minimum duration: 64.66666666666666
critical activities: [(1, 3), (3, 4), (4, 7), (7, 10), (10, 14)]
simulation
mean duration: 66.74636619020262
probability of being critical:
      (1, 2)      0.0236
      (1, 3)      0.9764
      (2, 4)      0.0236
      (3, 4)      0.8697
      (3, 5)      0.0084
      (3, 6)      0.0983
      (4, 7)      0.8933
      (5, 7)      0.0084
      (6, 8)      0.0983
      (7, 9)      0.3801
     (7, 10)      0.5216
      (8, 9)      0.0007
     (8, 11)      0.0976
     (9, 10)      0.3808
    (10, 14)      0.9024
    (11, 12)      0.0641
    (11, 13)      0.0335
    (12, 13)      0.0619
    (12, 14)      0.0022
    (13, 14)      0.0954
-4.52120452120678
Probabilidade de conclusão em 35 dias ou menos: 3.0744372016000554e-06
      (1, 2)           6
      (1, 3)     4.33333
      (2, 4)     3.33333
      (3, 4)           9
      (3, 5)          10
      (3, 6)     12.1667
      (4, 7)     8.83333
      (5, 7)           2
      (6, 8)     3.33333
      (7, 9)          15
     (7, 10)        17.5
      (8, 9)     8.83333
     (8, 11)     10.8333
     (9, 10)           2
    (10, 14)          25
    (11, 12)     10.8333
    (11, 13)     11.6667
    (12, 13)           2
    (12, 14)          10
    (13, 14)        11.5
minimum duration: 64.66666666666666
critical activities: [(1, 3), (3, 4), (4, 7), (7, 10), (10, 14)]
simulation
mean duration: 66.70720093550867
probability of being critical:
      (1, 2)      0.0227
      (1, 3)      0.9773
      (2, 4)      0.0227
      (3, 4)      0.8675
      (3, 5)      0.0089
      (3, 6)      0.1009
      (4, 7)      0.8902
      (5, 7)      0.0089
      (6, 8)      0.1009
      (7, 9)       0.397
     (7, 10)      0.5021
      (8, 9)      0.0009
     (8, 11)         0.1
     (9, 10)      0.3979
    (10, 14)         0.9
    (11, 12)      0.0663
    (11, 13)      0.0337
    (12, 13)       0.064
    (12, 14)      0.0023
    (13, 14)      0.0977
-2.235202235203351
Probabilidade de conclusão em 35 dias ou menos: 0.012702037410113387
      (1, 2)           6
      (1, 3)     4.33333
      (2, 4)     3.33333
      (3, 4)           9
      (3, 5)          10
      (3, 6)     12.1667
      (4, 7)     8.83333
      (5, 7)           2
      (6, 8)     3.33333
      (7, 9)          15
     (7, 10)        17.5
      (8, 9)     8.83333
     (8, 11)     10.8333
     (9, 10)           2
    (10, 14)          25
    (11, 12)     10.8333
    (11, 13)     11.6667
    (12, 13)           2
    (12, 14)          10
    (13, 14)        11.5
minimum duration: 64.66666666666666
critical activities: [(1, 3), (3, 4), (4, 7), (7, 10), (10, 14)]
simulation
mean duration: 66.82463191373608
probability of being critical:
      (1, 2)      0.0243
      (1, 3)      0.9757
      (2, 4)      0.0243
      (3, 4)      0.8692
      (3, 5)      0.0094
      (3, 6)      0.0971
      (4, 7)      0.8935
      (5, 7)      0.0094
      (6, 8)      0.0971
      (7, 9)      0.3953
     (7, 10)      0.5076
      (8, 9)      0.0021
     (8, 11)       0.095
     (9, 10)      0.3974
    (10, 14)       0.905
    (11, 12)      0.0631
    (11, 13)      0.0319
    (12, 13)      0.0617
    (12, 14)      0.0014
    (13, 14)      0.0936
-2.235202235203351
Probabilidade de conclusão em 35 dias ou menos: 0.012702037410113368
      (1, 2)           6
      (1, 3)     4.33333
      (2, 4)     3.33333
      (3, 4)           9
      (3, 5)          10
      (3, 6)     12.1667
      (4, 7)     8.83333
      (5, 7)           2
      (6, 8)     3.33333
      (7, 9)          15
     (7, 10)        17.5
      (8, 9)     8.83333
     (8, 11)     10.8333
     (9, 10)           2
    (10, 14)          25
    (11, 12)     10.8333
    (11, 13)     11.6667
    (12, 13)           2
    (12, 14)          10
    (13, 14)        11.5
minimum duration: 64.66666666666666
critical activities: [(1, 3), (3, 4), (4, 7), (7, 10), (10, 14)]
simulation
mean duration: 66.76671941106193
probability of being critical:
      (1, 2)      0.0246
      (1, 3)      0.9754
      (2, 4)      0.0246
      (3, 4)      0.8656
      (3, 5)      0.0083
      (3, 6)      0.1015
      (4, 7)      0.8902
      (5, 7)      0.0083
      (6, 8)      0.1015
      (7, 9)      0.3905
     (7, 10)       0.508
      (8, 9)      0.0006
     (8, 11)      0.1009
     (9, 10)      0.3911
    (10, 14)      0.8991
    (11, 12)      0.0645
    (11, 13)      0.0364
    (12, 13)      0.0623
    (12, 14)      0.0022
    (13, 14)      0.0987
-2.235202235203351
Probabilidade de conclusão em 35 dias ou menos: 0.012702037410113387
      (1, 2)           6
      (1, 3)     4.33333
      (2, 4)     3.33333
      (3, 4)           9
      (3, 5)          10
      (3, 6)     12.1667
      (4, 7)     8.83333
      (5, 7)           2
      (6, 8)     3.33333
      (7, 9)          15
     (7, 10)        17.5
      (8, 9)     8.83333
     (8, 11)     10.8333
     (9, 10)           2
    (10, 14)          25
    (11, 12)     10.8333
    (11, 13)     11.6667
    (12, 13)           2
    (12, 14)          10
    (13, 14)        11.5
minimum duration: 64.66666666666666
critical activities: [(1, 3), (3, 4), (4, 7), (7, 10), (10, 14)]
simulation
mean duration: 66.71589118448962
probability of being critical:
      (1, 2)      0.0229
      (1, 3)      0.9771
      (2, 4)      0.0229
      (3, 4)      0.8616
      (3, 5)      0.0081
      (3, 6)      0.1074
      (4, 7)      0.8845
      (5, 7)      0.0081
      (6, 8)      0.1074
      (7, 9)      0.3956
     (7, 10)       0.497
      (8, 9)       0.001
     (8, 11)      0.1064
     (9, 10)      0.3966
    (10, 14)      0.8936
    (11, 12)      0.0693
    (11, 13)      0.0371
    (12, 13)      0.0675
    (12, 14)      0.0018
    (13, 14)      0.1046
-2.235202235203351
Probabilidade de conclusão em 35 dias ou menos: 0.012702037410113387
      (1, 2)           6
      (1, 3)     4.33333
      (2, 4)     3.33333
      (3, 4)           9
      (3, 5)          10
      (3, 6)     12.1667
      (4, 7)     8.83333
      (5, 7)           2
      (6, 8)     3.33333
      (7, 9)          15
     (7, 10)        17.5
      (8, 9)     8.83333
     (8, 11)     10.8333
     (9, 10)           2
    (10, 14)          25
    (11, 12)     10.8333
    (11, 13)     11.6667
    (12, 13)           2
    (12, 14)          10
    (13, 14)        11.5
minimum duration: 64.66666666666666
critical activities: [(1, 3), (3, 4), (4, 7), (7, 10), (10, 14)]
simulation
mean duration: 66.79795891568344
probability of being critical:
      (1, 2)      0.0201
      (1, 3)      0.9799
      (2, 4)      0.0201
      (3, 4)      0.8776
      (3, 5)      0.0093
      (3, 6)       0.093
      (4, 7)      0.8977
      (5, 7)      0.0093
      (6, 8)       0.093
      (7, 9)      0.3934
     (7, 10)      0.5136
      (8, 9)      0.0008
     (8, 11)      0.0922
     (9, 10)      0.3942
    (10, 14)      0.9078
    (11, 12)      0.0602
    (11, 13)       0.032
    (12, 13)      0.0583
    (12, 14)      0.0019
    (13, 14)      0.0903
-2.235202235203351
Probabilidade de conclusão em 50 dias ou menos: 0.012702037410113387
      (1, 2)           6
      (1, 3)     4.33333
      (2, 4)     3.33333
      (3, 4)           9
      (3, 5)          10
      (3, 6)     12.1667
      (4, 7)     8.83333
      (5, 7)           2
      (6, 8)     3.33333
      (7, 9)          15
     (7, 10)        17.5
      (8, 9)     8.83333
     (8, 11)     10.8333
     (9, 10)           2
    (10, 14)          25
    (11, 12)     10.8333
    (11, 13)     11.6667
    (12, 13)           2
    (12, 14)          10
    (13, 14)        11.5
minimum duration: 64.66666666666666
critical activities: [(1, 3), (3, 4), (4, 7), (7, 10), (10, 14)]
simulation
mean duration: 66.77837010494956
probability of being critical:
      (1, 2)       0.022
      (1, 3)       0.978
      (2, 4)       0.022
      (3, 4)      0.8658
      (3, 5)      0.0076
      (3, 6)      0.1046
      (4, 7)      0.8878
      (5, 7)      0.0076
      (6, 8)      0.1046
      (7, 9)      0.4024
     (7, 10)       0.493
      (8, 9)      0.0006
     (8, 11)       0.104
     (9, 10)       0.403
    (10, 14)       0.896
    (11, 12)      0.0679
    (11, 13)      0.0361
    (12, 13)      0.0657
    (12, 14)      0.0022
    (13, 14)      0.1018
64.66666666666666
Probabilidade de conclusão em 50 dias ou menos: 0.012702037410113387
      (1, 2)           6
      (1, 3)     4.33333
      (2, 4)     3.33333
      (3, 4)           9
      (3, 5)          10
      (3, 6)     12.1667
      (4, 7)     8.83333
      (5, 7)           2
      (6, 8)     3.33333
      (7, 9)          15
     (7, 10)        17.5
      (8, 9)     8.83333
     (8, 11)     10.8333
     (9, 10)           2
    (10, 14)          25
    (11, 12)     10.8333
    (11, 13)     11.6667
    (12, 13)           2
    (12, 14)          10
    (13, 14)        11.5
minimum duration: 64.66666666666666
critical activities: [(1, 3), (3, 4), (4, 7), (7, 10), (10, 14)]
simulation
mean duration: 66.65731790663588
probability of being critical:
      (1, 2)      0.0258
      (1, 3)      0.9742
      (2, 4)      0.0258
      (3, 4)      0.9085
      (3, 5)      0.0082
      (3, 6)      0.0575
      (4, 7)      0.9343
      (5, 7)      0.0082
      (6, 8)      0.0575
      (7, 9)      0.4098
     (7, 10)      0.5327
      (8, 9)           0
     (8, 11)      0.0575
     (9, 10)      0.4098
    (10, 14)      0.9425
    (11, 12)      0.0368
    (11, 13)      0.0207
    (12, 13)      0.0355
    (12, 14)      0.0013
    (13, 14)      0.0562
64.66666666666666
Probabilidade de conclusão em 50 dias ou menos: 0.012702037410113387
